AGE00135039,	[(1884,215.27272,126.606064)(1885,239.10231,140.95068)(1886,227.46107,143.33241)(1887,221.58904,142.07756)(1888,220.09863,136.02203)(1889,212.137,125.587395)]
AGE00147705,	[(1886,154.0,0.0)(1887,228.22778,145.2)(1888,224.32417,149.34616)(1889,220.39105,144.26666)]
AGE00147708,	[(1886,255.47945,128.05498)(1887,235.28409,113.0625)(1888,235.26315,112.20222)(1889,227.95294,100.53658)]
AGE00147709,	[(1884,189.33018,95.117485)(1885,197.72754,97.690414)(1886,182.85556,96.87671)(1887,183.53424,96.29589)(1888,176.82967,97.2967)(1889,174.68208,90.91445)]
AGE00147711,	[(1886,227.06271,110.66888)(1887,215.0,93.927574)(1888,203.81088,92.556816)(1889,197.95732,88.80878)]
AGE00147712,	[(1886,170.0,0.0)(1887,230.41129,79.375)(1888,249.09117,106.988266)(1889,215.94553,91.066666)]
AGE00147713,	[(1880,207.63287,79.93939)(1881,214.39178,79.34247)(1882,210.4762,69.04155)(1886,222.97491,97.62949)(1887,205.9816,82.695786)(1888,203.21307,74.66102)(1889,173.63637,69.14559)]
AGE00147715,	[(1886,227.25,99.94444)(1887,266.73367,113.0)(1888,238.87921,93.30114)(1889,237.90274,88.66873)]
AGE00147716,	[(1880,240.51912,0.0)(1881,228.62405,110.37086)(1882,226.85475,102.51507)(1883,231.71591,91.61357)(1884,219.10655,128.09563)(1885,232.78758,135.46405)(1886,223.22034,132.72981)(1887,220.19774,130.95212)(1888,217.16292,131.26404)(1889,214.40828,124.07079)]
AGE00147717,	[(1880,233.99178,72.45628)(1881,248.38083,87.36713)(1882,238.20547,18.441668)(1883,238.7738,90.51786)(1884,218.88701,84.81421)(1885,235.56937,75.76415)(1886,248.92128,89.6431)(1887,243.46153,88.26849)(1888,235.28926,77.46557)(1889,228.1982,71.63636)]
AGE00147718,	[(1880,306.60785,147.8825)(1881,283.81232,157.99701)(1882,271.76987,139.66576)(1883,274.22253,127.0411)(1885,270.06406,147.18663)(1886,266.39246,145.8599)(1887,268.56656,142.98077)(1888,277.3389,152.98334)(1889,268.71625,145.09041)]
AGE00147719,	[(1888,265.20114,93.0659)(1889,260.07407,87.18213)]
AGE00147720,	[(1888,219.38272,56.672897)(1889,214.63722,51.635483)]
AJ000037735,	[(1882,210.93465,96.552284)]
AM000037789,	[(1886,0.0,45.172604)(1887,0.0,49.21644)(1888,0.0,-15.262295)(1889,0.0,62.764385)]
ASN00014016,	[(1885,328.12836,230.32239)(1886,334.35617,237.4822)(1887,325.87396,227.14247)(1888,336.32242,234.34154)(1889,339.99725,240.53151)]
ASN00015540,	[(1880,306.51093,124.642075)(1881,303.5589,133.05205)(1882,284.91507,133.5726)(1883,298.05753,120.37637)(1884,299.66394,126.748634)(1885,296.68494,118.48901)(1886,295.1868,124.30685)(1887,289.9041,122.473976)(1888,301.22678,133.2555)(1889,301.21368,139.1589)]
ASN00023000,	[(1887,208.61739,114.34884)(1888,227.65027,121.3224)(1889,217.01643,120.32055)]
ASN00026026,	[(1884,187.10527,94.87931)(1885,182.4473,93.16712)(1886,187.35617,91.879456)(1887,187.19179,94.06301)(1888,189.24316,91.42623)(1889,191.25754,94.78904)]
ASN00031010,	[(1889,306.90323,228.96552)]
ASN00033046,	[(1889,291.15518,224.1695)]
ASN00035027,	[(1889,319.7037,193.88608)]
ASN00038003,	[(1888,328.07346,158.525)(1889,329.94247,176.67123)]
ASN00040214,	[(1887,245.0137,149.93681)(1888,256.7787,148.58743)(1889,255.94795,160.23013)]
ASN00044022,	[(1889,257.2887,116.39184)]
ASN00048013,	[(1880,283.2093,123.735466)(1881,273.59323,139.91243)(1882,278.4548,146.96439)(1883,288.65277,145.31667)(1884,288.31693,149.28142)(1885,297.67325,132.01373)(1886,289.99725,127.03835)(1887,272.8274,126.83014)(1888,306.82788,124.4235)(1889,293.47397,138.6274)]
ASN00048030,	[(1881,275.87747,90.048386)(1882,0.0,112.65651)(1883,290.47632,104.31507)(1884,324.625,104.02012)(1885,286.26126,108.19219)(1886,270.6685,110.1452)(1887,284.56985,105.5863)(1888,299.34152,128.22404)(1889,288.1863,154.96986)]
ASN00052026,	[(1880,278.89722,127.46667)(1881,269.9466,127.75845)(1882,297.5567,115.3125)(1883,275.1557,115.74551)(1884,290.69125,133.22191)(1885,280.55127,125.452515)(1886,258.21368,128.68219)(1887,253.61905,123.753426)(1888,265.27197,122.95028)(1889,250.08264,140.58678)]
ASN00055023,	[(1880,287.19864,49.127945)(1881,289.34653,66.81848)(1882,296.70074,111.655304)(1883,270.28268,122.5541)(1884,261.02353,128.62646)(1885,248.75949,126.49683)(1886,239.02315,121.34722)(1887,231.05263,116.90283)(1888,267.94467,127.4)(1889,281.35294,142.41597)]
ASN00056017,	[(1880,225.6264,75.89326)(1881,220.68976,67.2829)(1882,221.11209,60.141594)(1883,232.49312,52.16022)(1884,241.19167,72.869446)(1885,243.46213,116.52453)(1886,230.65909,100.75637)(1887,208.98904,99.03835)(1888,220.39891,89.43989)(1889,215.0577,113.900826)]
ASN00063004,	[(1880,202.01521,64.68939)(1881,202.04962,61.5229)(1882,210.2278,66.51938)(1883,203.09653,58.868217)(1884,216.15,62.446156)(1885,219.44962,62.130436)(1886,211.3536,66.74525)(1887,198.77692,70.53077)(1888,228.84943,55.088802)(1889,223.46153,71.66154)]
ASN00065016,	[(1880,264.84152,112.327866)(1881,247.46849,103.78904)(1882,252.31233,110.526024)(1883,238.74521,98.29752)(1884,241.94809,84.03825)(1885,259.08813,95.59944)(1886,237.76955,94.630135)(1887,336.90323,89.51507)(1888,270.7065,90.10656)(1889,239.29863,130.53699)]
ASN00066062,	[(1880,208.04918,133.54918)(1881,204.21645,130.89041)(1882,211.42192,135.8137)(1883,206.47124,129.81644)(1884,211.74043,135.60109)(1885,215.85205,137.92877)(1886,212.3863,136.74246)(1887,202.79178,138.2274)(1888,209.0822,133.75069)(1889,207.27672,143.0685)]
ASN00072151,	[(1880,241.63846,90.64122)(1881,225.0,89.10526)(1882,228.23282,63.446564)(1883,227.58687,49.289574)(1884,241.02524,74.73817)(1885,240.53177,80.72758)(1886,218.99294,83.14286)(1887,232.83458,69.52631)(1888,255.81992,48.475098)(1889,249.98877,93.146065)]
ASN00074128,	[(1880,233.4148,85.58442)(1881,235.7468,77.698715)(1882,247.84839,85.4)(1883,242.86494,83.868164)(1884,252.74359,75.371796)(1885,260.51767,76.874596)(1886,269.46945,69.2508)(1887,270.9393,77.6859)(1888,272.84567,67.95806)(1889,266.7871,84.603226)]
ASN00076077,	[(1889,225.26237,96.86139)]
ASN00086071,	[(1880,194.05191,99.34153)(1881,194.91507,95.265755)(1882,198.48492,95.13425)(1883,199.92055,97.671234)(1884,192.90164,92.669395)(1885,189.72603,95.03835)(1886,191.16713,90.457535)(1887,190.45753,99.772606)(1888,192.77869,92.989075)(1889,195.30959,99.66027)]
ASN00090015,	[(1880,193.89891,104.39617)(1881,190.62466,102.0)(1882,192.75069,100.55068)(1883,200.09688,104.08219)(1884,188.4039,96.78595)(1885,181.62259,91.0814)(1886,186.70084,103.85596)(1887,182.42517,106.016525)(1888,181.23627,103.97541)(1889,185.81714,108.27945)]
ASN00091049,	[(1884,234.74074,108.5)]
ASN00094029,	[(1882,148.36,69.814545)(1883,170.14958,88.48209)(1884,165.17403,76.4478)(1885,163.37808,75.40274)(1886,164.1315,73.712326)(1887,170.52328,77.21096)(1888,167.4011,71.76923)(1889,169.33699,79.87671)]
AU000005010,	[(1880,122.773224,49.948086)(1881,111.526024,40.08493)(1882,122.80822,49.432877)(1883,116.21918,45.80274)(1884,124.833336,49.601093)(1885,121.139725,45.263012)(1886,120.564384,49.19452)(1887,110.43288,40.054794)(1888,109.357925,40.519127)(1889,109.48493,44.29041)]
AU000005901,	[(1880,138.9918,57.128414)(1881,122.95068,47.90137)(1882,142.06575,61.057533)(1883,128.27672,54.241096)(1884,135.52733,56.595627)(1885,136.69315,54.057533)(1886,133.94795,55.747944)(1887,124.8137,49.16712)(1888,121.6776,45.445354)(1889,123.263016,52.186302)]
AU000006306,	[(1880,131.18306,45.47541)(1881,123.01918,38.419178)(1882,131.42465,43.956165)(1883,123.523285,39.887672)(1884,141.04918,56.713116)(1885,141.12877,48.9863)(1886,139.1452,54.345207)(1887,126.2,39.61096)(1888,128.18306,44.20765)(1889,125.734245,46.61918)]
AU000011801,	[(1880,136.96721,36.85519)(1881,131.01918,36.147945)(1882,136.11234,37.827396)(1883,125.83562,31.964384)(1884,126.22131,44.5)(1885,132.46849,40.764385)(1886,130.83014,46.575344)(1887,118.0,39.4274)(1888,120.05191,42.087433)]
AU000015410,	[(1886,-80.491806,-134.42622)(1887,-49.835617,-98.054794)(1888,-45.35519,-92.24044)(1889,-49.030136,-92.989044)]
BE000006447,	[(1880,136.70218,57.1612)(1881,126.63287,49.27671)(1882,131.03288,58.172604)(1883,131.29863,55.043835)(1884,138.847,59.01639)(1885,126.41918,47.2137)(1886,132.16986,53.20274)(1887,120.69863,41.435616)(1888,117.39344,44.385246)(1889,124.136986,52.07397)]
CA001066336,	[(1886,130.18224,57.160378)(1887,90.64835,12.0172415)(1888,104.36612,33.37003)(1889,115.30137,37.2137)]
CA001090660,	[(1888,110.15625,-22.35224)(1889,80.16067,-21.296398)]
CA001100120,	[(1889,65.319145,-13.595745)]
CA001101530,	[(1881,149.3364,57.593273)]
CA001104468,	[(1880,117.016075,32.54019)(1881,142.1239,46.33482)(1882,64.166664,-7.285714)]
CA001105550,	[(1880,120.709496,39.055866)(1881,130.35933,47.108635)(1882,30.016949,-19.79661)]
CA001114620,	[(1881,138.11748,38.68976)(1882,134.5863,35.854794)(1883,145.69162,37.712574)]
CA001167635,	[(1882,64.77966,-33.050846)(1883,65.07547,27.098803)(1884,167.69708,45.99635)(1888,166.77026,57.85811)(1889,162.80846,42.558075)]
CA003012195,	[(1880,76.27907,-39.476746)(1881,44.437286,-70.7089)(1882,75.056335,-53.177967)(1883,71.593124,-64.55014)(1884,78.65565,-60.01653)(1885,96.16712,-42.40548)(1886,83.16712,-53.556164)(1887,65.29236,-76.25641)(1888,77.540985,-47.06011)(1889,116.60548,-15.112329)]
CA003031093,	[(1881,17.02985,-121.716415)(1882,38.504272,-103.86325)(1884,104.21739,-30.788044)(1885,121.79214,-32.345505)(1886,106.61918,-39.838356)(1887,81.44383,-54.265755)(1888,91.42623,-37.97541)(1889,123.40274,-27.473972)]
CA003032680,	[(1885,173.06349,40.857143)(1886,65.509094,-73.32727)]
CA003033879,	[(1886,168.83333,35.877453)(1887,-99.89831,-208.72882)]
CA003034480,	[(1883,97.166664,63.566666)(1884,92.45082,-19.391535)(1885,129.39178,-17.134247)(1886,123.89863,-18.89863)(1887,96.55617,-39.208218)(1888,105.97814,-23.120218)(1889,134.2274,-8.558904)]
CA003050520,	[(1887,-74.17647,-193.41176)(1888,-7.034091,-134.19318)(1889,59.7947,-86.039734)]
CA003072145,	[(1880,50.225273,-97.4153)(1881,59.843834,-78.27123)(1882,70.7726,-81.192635)(1884,141.57741,-4.292887)(1886,34.77193,-114.51462)]
CA003072657,	[(1883,-109.92683,-181.83133)(1884,23.18956,-82.10685)(1885,22.448467,-71.28532)(1886,-4.0027547,-89.40496)(1887,-106.06009,-188.125)(1888,34.59155,-49.58362)(1889,24.616045,-67.590256)]
CA004013030,	[(1889,134.41228,-7.787234)]
CA004013400,	[(1880,-142.58441,-278.1184)]
CA004013480,	[(1889,52.1875,-88.67273)]
CA004016320,	[(1883,102.962616,-18.30841)(1884,48.51532,-70.481895)(1885,65.969864,-50.635616)(1886,74.224655,-53.12055)(1887,53.153423,-68.13151)(1888,58.77869,-55.800545)(1889,102.89315,-34.589043)]
CA004016560,	[(1883,-107.354836,-239.83871)(1884,52.275955,-82.13661)(1885,75.095894,-59.057533)(1886,77.21096,-61.734245)(1887,61.36986,-74.68767)(1888,-203.67741,-308.74194)]
CA004019070,	[(1884,33.244724,-90.08439)]
CA004028035,	[(1885,1.8387097,-108.41936)(1886,106.80716,-36.559227)(1887,81.32329,-54.090412)(1888,90.02186,-45.97814)(1889,123.90137,-31.065754)]
CA004040420,	[(1880,62.441597,-102.40964)(1881,40.462856,-102.262856)(1882,3.3265307,-117.61224)(1883,-58.609196,-196.55492)(1884,8.662745,-107.42745)(1885,-188.71428,-290.07144)(1886,-0.11111111,-119.77778)]
CA004056230,	[(1884,-14.237624,-163.15842)(1885,43.5679,-108.13169)(1886,63.774372,-112.331474)(1887,65.12177,-88.30258)(1888,113.52631,-119.921875)(1889,86.452515,-69.85475)]
CA005010977,	[(1889,83.82466,-45.238358)]
CA005011760,	[(1880,-144.05882,0.0)(1881,55.10685,-28.142046)(1882,61.945206,-57.068493)(1883,37.6,-91.89589)(1884,45.008198,-83.21038)(1885,54.81918,-80.29863)(1886,69.032875,-79.19178)(1887,57.515068,-86.02466)(1888,58.174862,-76.510925)(1889,100.69589,-52.91781)]
CA005012279,	[(1886,115.368904,-31.484663)(1887,67.60915,-128.82166)(1888,64.88764,-48.955055)(1889,124.696754,-11.343971)]
CA005012520,	[(1883,6.9,-118.67826)(1884,41.797813,-82.37363)(1885,53.0,-75.15427)(1886,63.30959,-79.04384)(1887,51.7863,-87.8)(1888,47.467213,-82.4779)(1889,88.85989,-66.65934)]
CA005012540,	[(1885,133.30452,-10.889796)(1886,94.630135,-60.68956)(1887,77.0989,-68.47123)(1888,78.03552,-63.49727)(1889,108.90137,-42.52055)]
CA005022547,	[(1880,62.448086,-65.80601)(1881,77.06027,-53.50411)(1882,57.36842,-77.54605)(1883,52.69863,-87.62192)(1884,57.407104,-76.96722)(1885,78.85159,-52.689045)]
CA005022790,	[(1880,63.96338,-59.58172)(1881,105.46667,-39.513042)(1882,77.98521,0.0)(1883,46.39172,-68.53221)(1884,59.87123,-62.246574)(1885,67.57618,-71.55525)(1886,75.50824,-60.035713)(1887,65.246574,-70.20822)(1888,69.58197,-61.401638)(1889,100.1863,-44.443836)]
CA005023243,	[(1880,57.47541,-65.84426)(1881,71.68767,-58.49315)(1882,72.06575,-50.40822)(1883,47.457535,-80.62192)(1884,44.095627,-65.04372)(1885,60.471233,-61.89863)(1886,75.83288,-60.813698)(1887,63.920547,-73.50411)(1888,64.80875,-62.30328)(1889,92.34247,-45.145206)]
CA005030556,	[(1889,82.468925,37.0)]
CA0050520EE,	[(1889,0.0,-184.55737)]
CA005062047,	[(1884,-45.0,0.0)(1885,-215.30302,-315.8923)]
CA005063350,	[(1880,-43.904373,-133.3306)(1881,-18.378082,-118.652054)(1882,-4.169863,-106.68219)(1883,-130.67665,-220.98802)(1885,-117.815216,-177.60869)(1886,-39.515068,-125.30137)(1887,-60.70411,-150.4274)(1888,-53.404373,-133.92896)(1889,-22.301888,-115.25944)]
CA006046588,	[(1880,65.81421,-53.23224)(1881,77.72877,-37.47945)(1882,78.12603,-33.671234)(1883,61.58356,-68.17534)(1884,64.827866,-54.775955)(1885,57.772602,-54.772602)(1886,68.16986,-44.720547)(1887,63.98904,-49.769863)(1888,59.56011,-50.31694)(1889,85.24931,-29.126028)]
CA006055095,	[(1882,50.097828,-35.782608)]
CA006057595,	[(1889,130.725,24.04)]
CA006059475,	[(1888,-49.227272,-199.5)(1889,75.520546,-63.40274)]
CA006068148,	[(1887,137.39304,-1.7933885)(1888,77.61739,-287.14816)(1889,105.82934,1.9743589)]
CA006075400,	[(1880,34.922867,-72.24793)(1881,41.081635,-67.23615)(1882,-64.71212,-189.00757)(1889,-27.696203,-127.341774)]
CA006085023,	[(1882,217.12,88.64)(1883,47.23448,-95.42069)(1886,141.38272,17.489712)(1887,113.935486,-47.839344)(1888,108.45136,-35.21132)(1889,119.78453,-38.403225)]
CA006085682,	[(1887,-36.774193,-139.25807)(1888,91.47176,-60.86711)(1889,109.08962,-26.981133)]
CA006092915,	[(1882,-16.767857,-104.16071)]
CA006094450,	[(1880,98.092896,5.431694)(1881,86.96667,-8.095238)(1886,124.9885,30.01724)(1887,101.16389,-7.598338)(1888,87.2465,-9.028011)(1889,108.74521,14.408219)]
CA006100969,	[(1885,122.5894,28.350994)(1886,113.68784,14.738161)]
CA006101658,	[(1888,145.33708,17.536724)(1889,117.756165,-10.964383)]
CA006101872,	[(1880,121.81694,8.969945)(1881,120.79452,14.136987)(1882,110.77808,6.6958904)(1883,103.967125,-8.975343)(1884,109.748634,3.2103825)(1885,97.46301,-6.90137)(1886,109.98901,1.4465753)(1887,108.22192,-2.6904109)]
CA006102417,	[(1880,144.56537,19.841217)(1881,184.33186,60.25641)(1882,121.87987,-10.033233)(1883,106.58754,-25.210228)(1884,134.73448,-1.6254295)(1885,113.55137,-36.710884)]
CA006104185,	[(1880,126.30601,24.311476)(1881,127.70411,24.424658)(1882,121.16986,24.51233)(1883,101.5863,4.189041)(1884,106.96448,16.497269)(1885,92.91233,3.6575344)(1886,106.180824,16.621918)(1887,108.46301,18.482191)(1888,101.71584,12.972677)(1889,113.04658,33.350685)]
CA006105887,	[(1880,120.81111,6.108333)(1881,55.703224,-50.064518)(1882,40.673912,-34.597828)(1883,89.14246,-17.369864)(1884,104.37808,-15.857534)(1885,85.46301,-21.912329)(1886,92.42466,-8.906849)(1887,100.4533,-11.535714)(1888,95.479454,-8.375342)(1889,112.07671,6.4821916)]
CA006105976,	[(1889,13.95082,-59.52459)]
CA006106362,	[(1880,114.7623,-8.404371)(1881,122.85989,1.4945055)(1882,110.3518,-5.5290856)(1883,99.43094,-23.267956)(1884,106.73034,-17.72472)(1885,103.06336,-18.187328)(1886,108.90476,-6.23743)(1887,109.04155,-14.443835)(1888,25.012423,-92.503105)]
CA006107003,	[(1885,129.3377,1.7967213)(1886,107.96338,-21.5)(1887,110.72176,-24.707989)(1888,117.252174,-14.483965)(1889,121.88398,-7.9159665)]
CA006108060,	[(1880,100.57923,-28.311476)(1881,109.96165,-23.032877)(1882,98.37808,-26.40274)(1883,83.74246,-51.70685)(1884,95.30875,-35.371586)(1885,84.243835,-49.69863)(1886,95.21644,-40.90137)(1887,98.48767,-45.249313)(1888,86.56011,-41.825138)(1889,106.23836,-16.616438)]
CA006110458,	[(1889,43.47541,-45.98361)]
CA006110549,	[(1880,116.79945,8.178572)(1881,124.85989,8.810439)(1882,118.40659,10.038462)(1883,98.753426,-8.857534)(1884,109.11233,2.5835617)(1885,93.72802,-10.376373)(1886,113.83933,-0.32596686)(1887,114.87637,2.087912)]
CA006110605,	[(1880,104.934425,-17.177595)(1881,116.79178,-12.126027)(1882,103.29863,-18.528767)(1883,84.863014,-38.99178)(1884,95.34521,-22.355192)(1885,80.13425,-32.09863)(1886,92.67671,-21.421917)(1887,97.28219,-26.257534)(1888,84.10929,-26.595629)(1889,102.88493,-1.5178082)]
CA006111375,	[(1887,100.74795,-51.127598)(1888,86.8388,-44.704918)(1889,105.49025,-20.183844)]
CA006111766,	[(1885,92.16529,9.768595)(1886,113.07945,7.1150684)(1887,115.52877,2.649315)(1888,103.48901,-18.263737)(1889,115.969864,-1.558904)]
CA006111793,	[(1881,205.11363,103.90909)]
CA006112171,	[(1882,94.483604,13.204918)(1883,85.69315,-0.7890411)(1884,101.10685,11.221918)(1885,86.47802,-2.3041096)(1886,103.06061,10.537396)(1887,106.052635,9.069833)(1888,93.4533,-1.5534247)(1889,111.63408,18.220057)]
CA006113000,	[(1880,110.23014,0.13424657)(1881,115.71703,4.337912)(1882,107.68407,4.2335167)(1883,93.23351,-17.20274)(1884,106.882195,-4.9753423)(1885,91.10989,-20.794521)(1886,102.77808,-4.030137)(1887,114.449036,-7.7162533)(1888,98.075,-17.63611)(1889,116.65014,2.3287294)]
CA006113660,	[(1880,86.32836,-42.067165)(1881,115.24695,-36.815952)(1882,122.36072,-32.38489)(1883,97.04747,-29.222221)(1884,108.82051,-8.479854)(1885,29.218906,-90.37811)]
CA006116128,	[(1880,117.68033,15.786885)(1881,128.03014,20.136986)(1882,110.48219,9.167123)(1883,92.14681,-14.199446)(1884,101.21096,-6.5027323)(1885,84.68407,-24.057692)(1886,102.30363,4.8514853)(1887,113.367546,-10.437674)(1888,109.83283,10.626865)(1889,111.76438,12.386301)]
CA006116254,	[(1880,105.12022,-5.874317)(1881,111.775345,-1.8794521)(1882,104.0137,-2.7369864)(1883,88.10137,-28.39178)(1884,101.39344,-14.84153)(1885,86.70959,-31.216438)(1886,99.72877,-13.90137)(1887,101.59178,-18.709589)(1888,89.86066,-22.931694)(1889,107.97808,4.0328765)]
CA006118187,	[(1888,149.47847,48.00483)(1889,94.96865,-6.9686522)]
CA006119064,	[(1886,124.646736,-7.451087)(1887,99.29863,-38.12877)(1888,93.91809,-53.81694)(1889,107.266106,-25.033613)]
CA006120315,	[(1882,113.64754,17.721312)(1883,110.289696,7.7799444)(1884,115.298,10.54)(1885,105.117805,-0.13424657)(1886,121.117805,14.052054)(1887,124.91209,18.087912)(1888,112.69399,8.270492)(1889,123.16438,25.375343)]
CA006122845,	[(1880,119.19125,39.63388)(1881,119.78356,36.550686)(1882,119.369865,41.02466)(1883,102.454796,17.027397)(1884,112.60929,29.07104)(1885,97.89863,10.950685)(1886,108.66027,23.065754)(1887,112.69589,24.361645)]
CA006124127,	[(1880,127.90884,33.789474)(1881,125.38028,-41.531467)(1882,123.76572,0.0)(1883,107.92614,36.29655)(1884,117.70752,23.370474)(1885,106.22543,9.306358)(1886,121.08084,28.011976)(1888,99.77608,1.4325154)(1889,121.19585,29.501484)]
CA006124700,	[(1886,163.0939,53.54673)(1887,122.84657,12.852055)(1888,110.99452,3.6346154)(1889,124.0411,22.254795)]
CA006127887,	[(1880,113.56593,18.505495)(1881,114.87123,14.786302)(1882,114.309586,16.347944)(1883,96.04658,-5.5863013)(1884,106.20765,3.3797815)(1885,91.70685,-10.027397)(1886,103.09041,9.504109)(1887,105.652054,5.071233)(1888,95.174866,0.6885246)(1889,113.58904,21.457535)]
CA006129850,	[(1881,184.27272,73.15341)(1882,127.79178,23.88767)(1883,111.87671,-3.0875707)(1884,120.78689,12.144809)(1885,106.457535,-0.5287671)(1886,119.70411,14.013699)(1887,124.6411,15.542466)(1888,112.41257,7.644809)(1889,127.61644,26.336987)]
CA006131388,	[(1889,166.10976,43.743904)]
CA006136335,	[(1889,88.4,33.011765)]
CA006136643,	[(1880,121.37978,40.46448)(1881,125.37808,38.638355)(1882,120.38356,39.361645)(1883,104.8137,19.120548)(1884,112.62569,30.710382)(1885,102.73151,16.517809)(1886,113.49589,29.235617)(1887,123.630135,29.764383)(1888,112.166664,20.931694)(1889,130.54521,39.158905)]
CA006136694,	[(1880,140.153,34.068306)(1881,141.92877,32.950684)(1882,127.3863,33.575344)(1883,126.075584,9.926027)(1884,126.333336,19.978142)(1885,112.89315,6.260274)(1886,125.08493,21.58356)(1887,124.87671,23.69041)(1888,110.1776,16.398907)(1889,125.50137,33.079453)]
CA006137147,	[(1885,69.23529,-12.209302)(1886,129.47354,16.284122)(1887,132.5482,17.754822)(1888,121.83607,6.5491805)(1889,138.00822,24.052055)]
CA006137735,	[(1880,138.34076,25.694267)(1881,137.15974,23.910543)(1882,129.33226,24.883871)(1883,119.56688,8.968153)(1884,126.98722,14.041533)(1885,108.78594,4.779553)(1886,118.03834,18.361023)(1887,124.69649,19.30032)(1888,-27.395834,-123.8125)]
CA006139445,	[(1880,74.78704,-3.1311476)(1881,125.166664,16.018518)(1882,72.96722,-21.663935)(1883,115.168045,8.118457)(1884,118.70112,14.603352)(1885,103.529915,0.025568182)(1886,119.6041,18.483871)]
CA006139520,	[(1880,149.64012,39.334396)(1881,149.65495,36.16933)(1882,144.01282,37.26282)(1883,133.5623,19.511183)(1884,143.08598,25.917198)(1885,128.65495,13.217253)(1886,144.89456,25.15655)(1887,146.2524,24.41853)]
CA006140941,	[(1881,202.05344,74.35249)(1882,131.89429,21.991428)(1883,69.742424,-42.121212)(1884,127.65928,8.786704)(1885,111.22159,-4.590909)(1886,127.10364,27.87037)(1887,135.67787,17.0277)(1888,122.57576,6.590659)(1889,74.63333,-34.206665)]
CA006141095,	[(1880,124.01945,-1.6133333)(1881,129.10469,18.728022)(1882,119.92174,17.381502)(1883,103.128136,-5.837989)(1884,118.90934,1.1291208)(1885,131.32,13.86)(1886,120.35028,6.3455057)(1887,126.91944,6.5833335)(1888,113.72472,0.78370786)(1889,120.76791,16.911428)]
CA006141843,	[(1880,29.119566,-63.217392)(1881,126.59504,9.623627)(1882,112.093925,7.544199)(1883,96.57025,-13.346154)(1884,31.920454,-70.694916)(1885,100.035614,-17.287672)(1886,110.67671,2.8136985)(1887,112.75069,2.8493152)(1888,102.84153,-3.0409837)(1889,117.879456,13.243835)]
CA006142252,	[(1889,117.99371,24.798742)]
CA006142284,	[(1882,108.92329,7.8273973)(1883,96.95349,-9.268011)(1885,96.36438,-4.3076925)(1886,104.0411,5.9890413)(1887,109.34521,5.6986303)(1888,99.90164,2.2868853)(1889,115.5863,22.243835)]
CA006142993,	[(1880,128.34973,25.806011)(1881,132.27672,23.567123)(1882,125.36713,20.4)(1883,110.14561,0.07417583)(1884,120.99178,11.928767)(1885,105.44658,-1.0328767)(1886,121.44383,13.120548)]
CA006143083,	[(1881,183.19574,86.99555)(1882,119.77285,28.480556)(1883,107.31593,4.8983517)(1884,120.51913,5.2868853)(1885,99.21212,-13.572727)(1886,118.62466,4.6246576)(1887,121.96419,6.0164833)(1888,110.89532,0.4834254)(1889,126.08101,9.389972)]
CA006143780,	[(1880,59.220184,-35.15534)(1881,128.03424,27.395834)(1887,35.28169,-51.77778)(1888,121.52134,7.518293)]
CA006144470,	[(1880,116.28333,24.258242)(1881,134.52147,26.058283)(1882,124.78354,19.738602)(1883,112.87761,0.6646884)(1884,117.43293,-0.08256881)(1885,105.81232,-6.3058825)(1886,102.138985,-6.6094275)(1887,108.96405,1.1628665)(1888,99.62696,-9.537267)(1889,94.552635,-7.3157897)]
CA006144505,	[(1883,139.52287,27.326797)(1884,119.95342,13.167123)(1885,103.79726,1.5041096)(1886,116.37534,14.578082)(1887,120.44109,17.873972)(1888,110.13661,10.565574)(1889,126.542465,27.553425)]
CA006147340,	[(1888,10.32258,-57.064518)(1889,125.99726,21.019178)]
CA006148100,	[(1880,119.49162,15.829609)(1881,129.16438,13.808219)(1882,108.42183,5.047198)(1883,104.1726,-5.742466)(1884,114.60274,3.9972603)(1885,98.19452,-7.5917807)(1886,111.49041,8.073973)(1887,115.42382,3.4515235)(1888,105.58127,-1.5867769)]
CA006148120,	[(1881,44.326923,-29.634615)(1882,118.98276,13.097701)(1883,110.51117,-5.392157)(1884,112.74635,-1.606414)(1885,-10.521367,-128.92436)]
CA006149625,	[(1880,130.18033,14.114754)(1881,133.74246,11.246575)(1882,126.48627,10.225275)(1883,109.27731,-10.641457)(1884,118.37978,2.896175)(1885,104.51507,-7.9643836)(1886,117.16712,4.526027)(1887,124.50824,5.4725275)(1888,114.36339,-1.68306)(1889,126.34066,16.631868)]
CA006150243,	[(1887,106.89011,-6.315934)(1888,92.333336,-18.06011)(1889,106.47123,1.1835617)]
CA006150913,	[(1880,120.84426,27.15864)(1881,124.649315,22.715069)(1882,109.32059,12.510264)(1883,101.33424,-1.6712328)(1884,111.94536,6.4153004)(1885,91.79464,-12.138643)(1886,109.4302,4.221591)(1887,118.50141,6.3370786)(1888,110.03552,4.5710382)]
CA006152007,	[(1882,169.89163,61.331684)(1883,110.36088,-1.4022038)(1884,119.435265,10.487603)(1885,105.524864,-1.4116023)(1886,118.21111,8.238889)(1887,122.31025,12.052631)(1888,115.008194,0.15846995)(1889,128.2,20.150684)]
CA006153192,	[(1880,140.34154,32.546448)(1881,148.863,17.849316)(1882,140.24384,13.649315)(1883,125.90137,0.07945205)(1884,137.3599,10.376373)(1885,121.12088,-5.8434067)(1886,132.71233,6.336986)(1887,136.55966,-6.4408283)(1888,55.78846,-58.508476)]
CA006155876,	[(1882,106.59664,18.941177)(1883,99.62912,4.183562)(1884,118.10989,8.132232)(1885,107.40934,-1.3424658)(1886,113.174034,10.265193)(1887,117.49448,9.301105)(1888,70.040985,-30.008196)(1889,121.56712,20.575342)]
CA006158065,	[(1889,127.53619,36.268658)]
CA006158350,	[(1880,118.86066,30.918034)(1881,124.2137,32.931507)(1882,117.89315,31.076712)(1883,100.95616,6.4027395)(1884,111.07104,16.516394)(1885,98.61644,4.287671)(1886,110.0274,18.032877)(1887,114.60548,19.356165)(1888,105.748634,13.606558)(1889,118.75069,32.70411)]
CA006160465,	[(1882,46.704544,-54.5618)(1883,82.54913,-43.554913)(1884,100.429825,-35.95)(1885,96.9039,-42.508984)(1886,-13.910112,-155.41573)(1889,35.256096,-58.219513)]
CA006163156,	[(1888,145.69048,26.438095)(1889,108.51781,-4.002747)]
CA006164297,	[(1880,0.0,32.268597)(1881,0.0,13.9013605)(1882,0.0,10.002898)(1883,155.65437,-17.370588)(1884,153.27678,-6.3079267)(1885,100.611885,-26.06688)(1886,129.48598,-22.510136)(1887,84.543045,-21.567308)(1888,94.24405,-17.842262)(1889,114.32783,14.424242)]
CA006164430,	[(1880,125.764175,11.304478)(1881,123.8137,3.830137)(1882,113.945206,-0.6328767)(1883,97.59116,-20.779005)(1884,113.1978,-9.9205475)(1885,98.69589,-21.578083)(1886,113.052055,-9.221918)(1887,116.1452,-10.216438)(1888,105.44536,-15.819673)(1889,113.89863,7.2027397)]
CA006165195,	[(1886,-3.7868853,-114.983604)(1887,115.81644,-38.936985)(1888,100.53278,-41.37705)(1889,117.48493,-15.849315)]
CA006165716,	[(1880,116.02933,9.114369)(1882,168.16049,13.695652)(1884,144.04727,9.829091)(1885,133.95901,-12.254098)(1886,137.23279,-13.601719)(1887,112.21918,-34.63014)(1888,79.92079,-35.71947)(1889,103.82493,8.570605)]
CA006166416,	[(1880,126.90909,6.469178)(1881,131.77777,10.316994)(1882,122.77244,6.1121793)(1883,107.915855,-7.728155)(1884,123.11615,11.141644)(1885,110.51233,-7.942466)(1886,118.82143,-3.6016483)(1887,128.69862,-15.690751)]
CA007016280,	[(1880,90.327866,-14.005465)(1881,91.45206,-5.6356163)(1882,81.947945,-17.169863)(1883,74.457535,-27.972603)(1884,77.838356,-16.071234)(1885,72.49315,-24.619179)(1886,80.734245,-18.372602)(1887,75.69863,-16.794521)(1888,66.53825,-19.24317)(1889,85.73972,1.7369863)]
CA007021952,	[(1880,88.28142,-22.707651)(1881,89.09615,-17.464285)(1882,74.55891,-31.09041)(1883,68.860275,-45.676712)(1884,78.330605,-29.803278)(1885,80.36264,-36.868134)(1886,82.70605,-30.28022)(1887,77.3863,-37.665752)(1888,65.98087,-37.17213)(1889,90.83562,-17.038357)]
CA007021954,	[(1880,145.9953,43.382076)(1881,109.73184,-1.7743733)(1882,101.48055,-11.913889)(1883,97.223755,-24.082872)(1884,106.1726,2.6149426)(1885,98.806725,-20.330532)(1886,111.30812,-13.456583)(1887,112.23653,-11.742515)]
CA007023240,	[(1880,105.39617,5.546448)(1881,99.94648,6.9380283)(1882,99.22841,6.6768804)(1883,90.92562,-11.355371)(1884,101.79945,0.33426183)(1885,85.9863,-10.369863)(1886,97.3863,-2.2054794)(1887,96.904106,-7.0)(1888,87.05738,-6.560109)(1889,103.50959,12.024657)]
CA007024280,	[(1888,-3.6078432,-89.9)(1889,99.92308,-10.550595)]
CA007025280,	[(1880,110.991806,10.734973)(1881,111.58082,20.58904)(1882,98.178085,12.953424)(1883,89.47123,-1.969863)(1884,98.068306,9.327868)(1885,86.04658,-0.5369863)(1886,97.23836,8.361644)(1887,95.649315,5.890411)(1888,85.93989,3.2240436)(1889,102.7589,21.70411)]
CA007026465,	[(1880,128.24881,-5.803828)(1881,151.53297,37.530056)(1882,97.89041,-16.892857)(1883,92.36813,-33.89863)(1884,100.98627,-19.501377)(1885,94.180824,-36.172604)(1886,104.51649,-27.254795)(1887,99.72055,-29.975275)(1888,89.199455,-30.449314)(1889,112.57143,-4.3818684)]
CA007050200,	[(1880,96.902916,20.009615)(1881,49.32941,-13.386431)(1882,44.40274,-16.627398)(1883,34.88493,-23.931507)(1884,30.52459,-27.448088)(1885,37.97534,-16.068493)(1886,49.60822,-5.720548)(1887,40.019176,-14.3068495)(1888,47.598362,-7.076503)(1889,53.553425,-0.4849315)]
CA007050790,	[(1881,50.14386,-8.498245)(1882,62.221916,-7.1671233)(1883,65.28219,-8.832877)(1884,58.349728,-11.901639)(1885,66.15069,-4.1178083)(1886,73.67945,5.10137)(1887,65.61096,-4.2493153)(1888,65.1612,-3.180328)(1889,76.8,7.271233)]
CA007056067,	[(1880,62.387978,-29.204918)(1881,67.30303,-22.336088)(1882,57.791782,-31.767124)(1883,55.663013,-43.92603)(1884,51.174862,-43.811474)(1885,52.09863,-29.176811)(1886,57.838356,-29.775343)(1887,50.09863,-36.9863)(1888,48.956284,-36.224045)(1889,66.435616,-19.408218)]
CA007061440,	[(1880,11.415585,-151.44827)(1881,30.653847,-78.12308)(1882,87.53793,-40.893105)(1883,90.1,-41.263344)(1884,60.341774,-42.50775)(1885,65.66575,-48.113575)(1886,70.076706,-41.215908)(1887,72.594284,-39.875362)(1888,71.9885,-40.421204)(1889,86.806816,-27.580736)]
CA007066688,	[(1888,102.007324,5.7838826)(1889,73.84657,-21.879452)]
CA007095000,	[(1885,27.070353,-95.59715)]
CA008100500,	[(1880,87.61981,-17.0)(1881,44.01695,-56.850876)(1882,98.72787,-21.206558)(1883,75.35018,-48.422382)(1884,93.61628,-27.67442)(1885,100.80352,-22.202347)(1886,104.14846,-23.392157)(1887,95.369446,-35.766018)(1888,101.84507,-24.79942)(1889,127.47025,-2.2521245)]
CA008100990,	[(1880,101.30875,-20.519125)(1881,100.58904,-11.057534)(1882,94.052055,-20.30959)(1883,91.646576,-30.745205)(1884,88.76986,-22.873972)(1885,96.62192,-22.20822)(1886,99.926025,-11.627398)(1887,98.117805,-22.10685)(1888,90.19125,-19.325136)(1889,115.27671,6.9342465)]
CA008101170,	[(1880,89.25288,-11.28)(1881,73.91292,-18.223164)(1882,75.7933,-28.766016)(1883,63.64917,-43.87569)(1884,64.73351,-37.603306)(1885,54.29044,-31.234636)(1886,82.37255,-24.397758)(1887,77.05764,-27.8098)(1888,72.86667,-24.875)(1889,91.76816,-12.80337)]
CA008101230,	[(1880,-24.35484,-123.741936)(1888,85.39071,-14.827868)(1889,97.224655,9.873973)]
CA008101700,	[(1880,110.69399,-17.188524)(1881,108.969864,-5.1643834)(1882,103.88493,-17.356165)(1883,99.86849,-30.172604)(1884,101.565575,-17.846994)(1885,104.68767,-21.547945)(1886,104.331505,-10.268493)(1887,98.77808,-15.575342)(1888,93.02459,-14.062841)(1889,116.071236,5.10137)]
CA008101920,	[(1883,132.70056,42.33898)(1884,99.34426,13.775956)(1885,97.06301,9.772603)(1886,105.36164,17.11233)(1887,102.3589,8.649315)(1888,92.434425,4.7650275)(1889,111.55068,24.747946)]
CA008103100,	[(1881,112.37423,50.29448)(1882,-22.361345,-90.08403)]
CA008103825,	[(1886,151.1236,32.08989)(1887,100.267265,-11.937126)(1888,56.098362,-25.114754)(1889,101.523285,-8.589041)]
CA008104500,	[(1883,73.10959,-47.57353)]
CA008104600,	[(1880,104.05191,24.809525)(1881,102.136986,17.890411)(1882,98.35616,6.0082192)(1883,94.476715,-2.9945207)(1884,97.93716,3.978142)(1885,97.224655,-0.04109589)(1886,105.60822,4.6712327)(1887,100.2137,0.9424658)(1888,92.62295,-0.10928962)(1889,113.882195,18.561644)]
CA008104800,	[(1880,88.330605,10.538251)(1881,87.23836,14.835616)(1882,81.263016,5.361644)(1883,86.85794,-1.8969359)(1884,89.592896,0.23224044)(1885,91.63562,-2.3917809)(1886,98.03867,3.6546962)(1887,92.0137,-0.3808219)(1888,84.22527,-0.06318682)(1889,102.838356,20.739725)]
CA008105600,	[(1886,-0.4716981,-101.64151)(1887,94.81957,-26.967846)(1888,87.21326,-14.170213)(1889,112.89714,2.936747)]
CA008200150,	[(1880,0.0,-57.935482)(1881,17.785715,-39.26776)(1882,114.31899,-14.825)(1883,119.88333,-25.854166)(1885,139.64516,24.32258)(1886,80.61487,-45.5473)(1887,197.17241,69.51724)(1888,6.967742,-82.93939)]
CA008200300,	[(1880,96.01028,-15.714777)(1881,103.05769,-3.6955128)(1882,103.617546,22.965986)(1883,83.82645,-26.395061)(1884,106.42268,-2.5532646)(1885,3.011628,-111.72093)]
CA008202198,	[(1880,111.0,14.647541)(1881,106.93973,20.210958)(1882,103.53591,14.69337)(1883,103.69863,7.860274)(1884,105.355194,15.710382)(1885,112.561646,16.128767)(1886,116.49041,22.920547)(1887,112.90685,14.953424)(1888,101.510925,11.8087435)(1889,125.545204,35.372604)]
CA008204420,	[(1881,92.620895,6.4268656)(1882,91.55342,5.446575)(1883,101.23288,8.778082)(1884,100.62569,8.480874)(1885,112.073975,15.79452)(1886,129.29396,27.42033)(1887,107.6,12.868493)(1888,97.674866,9.63388)(1889,121.66576,31.073973)]
CA008204480,	[(1885,141.56522,4.576087)(1886,91.778305,0.87922704)(1887,11.247191,-45.7191)(1888,25.225807,-33.322582)]
CA008205698,	[(1880,99.13388,-2.456284)(1881,96.841095,7.6739726)(1882,93.44658,3.430137)(1883,96.90685,-3.2986302)(1884,96.35246,1.5765027)(1885,102.23562,3.3232877)(1886,110.8137,17.345205)(1887,103.04932,8.230137)(1888,97.47814,6.7349725)(1889,122.62192,24.824657)]
CA008205988,	[(1880,113.03825,-6.4016395)(1881,107.98619,-0.862259)(1882,103.91736,-5.4585633)(1883,94.42945,-20.635258)(1884,104.467964,-3.284507)(1885,112.57062,-3.9519775)(1886,117.35812,7.198895)(1887,110.31933,-3.3333333)(1888,100.85635,-2.0690608)(1889,125.12948,17.818182)]
CA008206410,	[(1880,67.92105,-37.539474)(1881,103.45426,21.2849)(1882,101.63461,10.14325)(1883,69.56425,-135.10527)]
CA008206490,	[(1880,111.58904,21.871233)(1881,104.75429,27.804533)(1882,91.75072,22.569014)(1883,93.39726,16.50685)(1884,98.34153,26.10929)(1885,107.08646,25.517809)(1886,111.357956,18.291067)(1887,106.479454,19.087671)(1888,91.90164,22.661201)(1889,117.19726,42.11507)]
CA008300298,	[(1880,91.64561,3.2719781)(1881,89.75275,6.1452055)(1882,85.38356,-1.1232877)(1883,87.369865,-4.336986)(1884,84.617485,-5.6065574)(1885,92.328766,-0.07945205)(1886,61.922653,-33.298344)(1888,125.353264,54.54348)(1889,107.1726,30.150684)]
CA008300430,	[(1889,122.685715,35.3)]
CA008300441,	[(1880,91.172134,-9.581967)(1881,86.62011,-2.7793295)(1882,82.80627,-10.746439)(1883,88.24931,-17.50685)(1884,80.57104,-14.071038)(1885,91.72877,-9.824657)(1886,96.79726,-4.082192)(1887,88.84657,-11.876713)(1888,82.36612,-11.238357)(1889,110.42466,8.6)]
CA008401125,	[(1880,-0.8,-107.23967)(1881,0.0,-7.678571)(1882,0.0,-19.424658)(1883,0.0,-33.29315)(1884,0.0,-138.8)]
CA008401600,	[(1880,63.469944,30.027323)]
CA008403500,	[(1880,83.49727,0.04918033)(1881,83.75069,0.84109586)(1882,88.59178,-6.120548)(1883,106.23967,-7.2016573)(1884,80.748634,-11.0847)(1885,88.99178,7.293151)(1886,96.6,9.115068)(1887,89.90959,1.0739726)(1888,80.008194,3.2950819)(1889,111.832405,22.944134)]
CA008403635,	[(1889,126.0936,55.349754)]
CA008500500,	[(1884,34.30657,-9.974453)(1885,16.7135,-23.15978)(1886,17.592592,-26.05413)(1887,5.9589043,-38.31233)(1888,20.409836,-37.79235)(1889,26.44186,-24.215117)]
CE000043497,	[(1880,306.53824,237.01381)(1881,302.8493,239.47672)(1882,301.34247,236.92877)(1883,300.21918,233.9863)(1884,292.77322,233.153)(1885,290.81097,234.49315)(1886,288.60114,233.31506)(1887,295.44885,230.0685)(1888,304.04645,233.30602)(1889,306.68768,235.78082)]
CE000434730,	[(1880,187.34328,97.69851)(1881,201.64835,99.93956)(1882,190.82466,101.16438)(1883,193.04109,99.734245)(1884,194.49454,94.50546)(1885,198.40384,98.83791)(1886,196.94505,101.287674)(1887,193.94246,95.95616)(1888,205.29507,98.7377)(1889,209.74794,103.19835)]
CYE00100074,	[(1881,275.95972,138.73793)(1882,220.86525,84.61582)(1883,262.36163,67.87037)(1884,266.18784,97.44267)(1885,274.87772,119.03371)(1886,274.6868,108.99178)(1887,262.61917,118.904106)(1888,257.57922,124.931694)(1889,263.0412,135.24786)]
DA000021100,	[(1880,106.38525,49.885246)(1881,84.863014,33.315067)(1882,106.416435,57.33151)(1883,100.416435,49.77534)(1884,107.76776,57.874317)(1885,93.99452,45.10411)(1886,97.4137,42.875)(1887,97.13425,44.97808)(1888,87.04918,38.980824)(1889,104.161644,55.265755)]
DA000025140,	[(1880,113.04384,55.58127)(1881,91.91781,36.89589)(1882,109.73151,59.20879)(1883,105.841095,52.049316)(1884,113.79235,56.494537)(1885,100.40822,46.07397)(1886,100.41918,46.032875)(1887,99.67397,42.60274)(1888,91.39071,41.0)(1889,107.84657,52.47945)]
DA000027080,	[(1880,109.773224,43.31421)(1881,91.955055,29.758904)(1882,112.67671,58.624657)(1883,104.59452,50.813698)(1884,109.13388,56.46175)(1885,101.99726,43.87945)(1886,103.90685,42.947945)(1887,102.65479,40.857533)(1888,90.300545,34.885246)(1889,106.69315,49.10137)]
DA000030380,	[(1880,113.31148,34.215847)(1881,99.564384,24.849316)(1882,124.11507,47.621918)(1883,113.6,40.282192)(1884,121.15847,45.35246)(1885,112.40548,30.153425)(1886,114.79178,32.4)(1887,110.02466,32.268494)(1888,98.21038,29.051912)(1889,112.02192,39.72603)]
DA000032030,	[(1880,102.08197,53.3388)(1881,87.39726,41.052055)(1882,107.42192,61.72603)(1883,96.60822,50.780823)(1884,105.65847,57.434425)(1885,100.08219,53.153423)(1886,104.00822,52.536987)(1887,99.649315,51.49589)(1888,83.6229,41.52186)(1889,96.37808,50.057533)]
EGE00147726,	[(1884,247.49863,105.76438)(1885,252.01918,129.30138)(1886,246.60179,117.07945)]
EGE00147732,	[(1884,267.06595,131.21312)(1885,272.23834,155.81644)(1886,269.69507,155.03297)(1887,278.4356,160.44383)(1888,274.67212,159.10382)(1889,277.3452,157.96164)]
EI000003969,	[(1881,123.841095,44.263012)(1882,129.35342,50.956165)(1883,126.17534,45.221916)(1884,130.72678,53.729507)(1885,121.3589,43.624657)(1886,121.1452,47.868492)(1887,127.53425,44.068493)(1888,120.55191,46.81694)(1889,127.734245,51.449314)]
EIE00101859,	[(1880,139.19672,65.03278)(1881,127.78754,61.121815)(1882,98.978264,49.239132)(1883,129.71098,65.1185)(1884,134.51366,72.27123)(1885,130.31506,63.857533)(1886,128.55617,66.25479)(1887,137.96712,65.73972)(1888,133.22589,67.78177)(1889,137.3544,72.71703)]
EZE00100082,	[(1880,130.62569,58.71858)(1881,116.31507,47.778084)(1882,129.17809,61.27397)(1883,122.53973,55.19452)(1884,130.06557,60.14481)(1885,128.10684,56.967125)(1886,128.96439,58.89315)(1887,116.68219,48.942467)(1888,116.44536,49.270493)(1889,120.59178,56.164383)]
FRE00104937,	[(1880,9990.0,0.0)(1881,9990.0,0.0)(1882,9990.0,0.0)(1883,9990.0,0.0)(1884,9990.0,0.0)(1885,9990.0,0.0)(1886,9990.0,0.0)(1887,9990.0,0.0)(1888,9990.0,0.0)(1889,9990.0,0.0)]
GG000037545,	[(1881,0.0,73.63287)(1882,0.0,79.655685)(1883,0.0,75.44383)(1884,0.0,71.196724)(1885,0.0,74.161644)(1886,0.0,72.37808)(1887,0.0,77.95616)(1888,215.14131,77.9235)(1889,200.03893,92.71856)]
GLE00100981,	[(1880,0.0,-36.093876)(1881,0.0,-74.66576)(1882,0.0,-104.91507)(1883,0.0,-85.473976)(1884,0.0,-126.18611)(1885,0.0,-83.556816)(1886,0.0,-104.6137)(1887,0.0,-111.71954)(1888,0.0,-93.7459)(1889,0.0,-89.23288)]
GM000002698,	[(1880,142.30875,57.15574)(1881,137.70412,53.40822)(1882,137.28493,58.08767)(1883,136.61917,58.70137)(1884,146.9918,62.898907)(1885,138.43562,51.30411)(1886,144.46301,56.032875)(1887,128.96986,38.69315)(1888,126.95082,46.079235)(1889,128.9178,54.813698)]
GM000003319,	[(1880,140.35246,61.97814)(1881,125.21096,48.38082)(1882,137.98082,59.33151)(1883,129.48492,41.334248)(1884,137.30328,46.688526)(1885,126.40822,41.463013)(1886,131.13972,39.00274)(1887,121.66027,49.657536)(1888,115.983604,45.48361)(1889,124.82466,55.936985)]
GM000004063,	[(1880,127.47268,42.65847)(1881,118.67671,37.88493)(1882,131.51247,44.105263)(1883,130.5863,43.945206)(1884,136.42896,46.418034)(1885,135.47945,40.59452)(1886,139.7315,46.71507)(1887,123.26028,29.6)(1888,122.54645,34.456284)(1889,125.58082,39.169865)]
GM000004199,	[(1880,124.02732,40.262295)(1881,119.81644,34.27671)(1882,126.53973,38.50411)(1883,119.56712,36.52329)(1884,128.96448,42.546448)(1885,125.80548,36.31781)(1886,126.6137,41.22466)(1887,112.16712,28.063013)(1888,113.28689,33.062843)(1889,112.79726,35.7863)]
GM000004204,	[(1880,149.81967,33.636612)(1881,130.90411,24.578083)(1882,141.0548,43.254795)(1883,134.29315,36.852055)(1884,140.35246,41.453552)(1885,132.49863,31.421917)(1886,138.39452,33.676712)(1887,123.42192,25.569862)(1888,127.34699,29.453552)(1889,129.04384,34.49315)]
GM000010962,	[(1880,99.86612,31.344263)(1881,95.08219,22.50411)(1882,102.40822,28.90959)(1883,94.71781,18.024658)(1884,103.28962,28.382513)(1885,103.964386,25.063013)(1886,100.53973,29.2)(1887,87.04658,18.515068)(1888,90.70492,23.857924)(1889,89.331505,21.717808)]
GME00121258,	[(1888,49.065575,-10.229508)(1889,125.756165,42.268494)]
GMW00035032,	[(1880,142.06284,60.598362)(1881,132.96439,52.72329)(1882,136.4822,60.8)(1883,136.8137,58.39726)(1884,144.83879,64.76776)(1885,133.75342,53.80548)(1886,140.96712,60.561646)(1887,125.40274,48.10411)(1888,124.224045,50.177597)(1889,130.27945,57.12877)]
HR000142360,	[(1881,139.58356,62.336987)(1882,159.60548,74.46849)(1883,143.77534,64.29041)(1884,149.39618,68.775955)(1885,156.75891,75.21918)(1886,149.21938,71.19658)(1887,146.31233,65.843834)(1888,139.34427,58.734974)(1889,138.34247,67.40548)]
HRE00105182,	[(1880,139.62408,41.30657)]
HRE00105189,	[(1880,192.93443,131.36339)(1881,188.79726,127.56712)(1882,200.0685,134.27124)(1883,193.79178,128.37808)(1884,194.35246,126.95082)(1885,200.4411,136.0767)(1886,200.75069,135.9863)(1887,199.04657,130.70685)(1888,0.0,126.94536)(1889,0.0,108.74586)]
ITE00100550,	[(1880,177.78415,97.459015)(1881,160.7315,110.18356)(1882,176.4822,102.42466)(1883,163.33424,100.736984)(1884,166.4754,102.62022)(1885,167.05205,102.29863)(1886,173.81918,95.10411)(1887,167.03836,97.10137)(1888,170.06284,92.3388)(1889,167.58904,96.70137)]
ITE00100554,	[(1880,175.0765,91.98087)(1881,172.10411,89.879456)(1882,176.99725,93.928764)(1883,166.51233,86.67945)(1884,173.54099,88.87158)(1885,170.7096,92.712326)(1886,173.64383,93.4137)(1887,165.12054,82.10959)(1888,166.24863,83.199455)(1889,168.30411,85.68767)]
KZ000035188,	[(1884,0.0,-8.494565)(1885,0.0,-45.017963)]
KZ000035700,	[(1881,0.0,24.426086)(1882,0.0,-116.3871)(1885,43.081394,-0.8114754)(1886,118.646576,0.0)(1887,244.11382,0.0)]
KZ000038198,	[(1882,0.0,99.702705)(1883,0.0,69.478874)]
RSM00022550,	[(1881,42.7326,-17.970695)(1882,41.907185,-10.113772)(1883,45.11507,-7.6164384)(1884,23.106558,-31.76776)(1885,30.389042,-32.81096)(1886,39.843834,-11.715069)(1887,40.81096,-17.073973)(1888,17.956284,-40.106556)(1889,44.471233,-8.0164385)]
RSM00022845,	[(1886,0.0,0.6306306)(1887,0.0,-67.64239)]
RSM00023711,	[(1888,0.0,-66.14851)(1889,0.0,-36.198677)]
RSM00023804,	[(1888,0.0,-4.817844)(1889,0.0,-29.395605)]
RSM00024944,	[(1882,0.0,-168.70909)]
RSM00024959,	[(1888,127.97619,9.462963)(1889,0.0,-110.34909)]
RSM00026063,	[(1881,67.18956,-8.347945)(1882,0.0,13.013699)(1883,69.975204,4.638356)(1884,70.81967,-2.0054646)(1885,78.12329,3.4849315)(1886,81.69863,11.358904)(1887,80.80548,15.736986)(1888,56.87978,-16.688524)(1889,78.76986,8.1452055)]
RSM00026477,	[(1881,53.682274,-25.818792)(1882,94.0028,22.011204)(1883,97.319855,17.175825)(1884,107.80746,15.417956)(1885,107.60551,20.387196)(1886,97.801674,6.4664803)(1887,109.66032,21.936508)(1888,73.25313,-22.275862)(1889,106.231674,3.8550725)]
RSM00027051,	[(1883,0.0,-40.510868)(1884,0.0,-52.84)]
RSM00027857,	[(1881,0.0,-29.468843)(1882,0.0,-7.5424657)(1883,0.0,-11.347945)(1884,0.0,-21.36612)(1887,0.0,-7.687671)]
RSM00028275,	[(1887,0.0,-149.83606)(1888,0.0,-51.743168)(1889,0.0,-49.994522)]
RSM00028440,	[(1881,0.0,-25.57485)(1882,0.0,-43.970955)(1885,-62.081966,-139.86885)(1886,52.32055,-33.66849)(1888,89.72541,-43.188526)(1889,58.419178,-108.238686)]
RSM00029263,	[(1884,0.0,-60.827793)(1885,0.0,-75.18904)(1886,0.0,-66.70137)(1887,163.77011,-73.16438)(1888,0.0,-77.4375)(1889,0.0,-78.34247)]
RSM00029348,	[(1887,247.0,94.0)]
RSM00030710,	[(1887,65.66027,-78.50685)(1888,55.715847,-86.7377)(1889,47.18904,-91.284935)]
RSM00031369,	[(1881,0.0,-260.82144)(1883,0.0,-14.766666)(1884,0.0,-83.46667)(1885,0.0,-79.15703)(1886,0.0,-61.00568)(1887,0.0,-64.48475)(1888,0.0,-60.906338)(1889,0.0,-59.17066)]
RSM00032061,	[(1881,0.0,-45.53611)(1882,0.0,-40.58356)(1883,0.0,-54.70411)(1884,0.0,-68.382515)(1885,0.0,-64.02466)(1886,0.0,-44.843834)(1887,0.0,-53.52055)(1888,0.0,-48.35246)(1889,0.0,-66.36713)]
RSM00032071,	[(1886,0.0,-64.20513)(1887,0.0,-69.23988)(1888,0.0,-63.98615)(1889,0.0,-81.04348)]
RSM00034110,	[(1889,83.17796,0.1779661)]
RSM00034163,	[(1884,0.0,-20.765028)]
RSM00034880,	[(1881,138.42192,48.720547)(1882,149.0,58.90137)(1883,149.44383,50.865753)(1884,143.53552,49.14754)(1885,150.33972,46.378082)(1886,111.61878,8.458564)(1889,-62.51613,-113.19355)]
RSM00037472,	[(1882,0.0,83.22802)(1883,0.0,83.6)(1884,0.0,79.05464)(1885,0.0,53.98311)(1886,0.0,84.030136)(1887,0.0,92.50959)(1888,0.0,85.39891)(1889,0.0,82.818184)]
SZ000002220,	[(1882,-3.3140495,-49.336067)(1883,21.222544,-49.427746)(1884,12.09009,-45.11078)(1885,16.365385,-37.747253)(1886,17.480663,-42.48895)(1887,11.769231,-49.70879)]
SZ000006717,	[(1880,24.685793,-23.90164)(1881,18.49863,-31.063013)(1882,19.865753,-30.339725)(1883,7.7945204,-42.958904)(1884,12.879782,-41.248634)(1885,14.967123,-43.80548)(1886,20.09863,-49.945206)(1887,15.706849,-58.019176)(1888,17.23224,-52.240437)(1889,10.586302,-54.164383)]
TS000060765,	[(1887,258.53296,122.47802)(1888,229.34807,99.45055)(1889,256.39725,137.02191)]
TSE00147769,	[(1886,233.26268,140.38406)(1887,231.71349,116.95775)(1888,231.70279,117.39521)(1889,229.27052,116.2263)]
TSE00147775,	[(1886,254.18367,168.51282)(1887,229.3985,155.98555)(1888,219.51704,157.72728)(1889,236.15616,145.60242)]
TX000038763,	[(1883,0.0,211.25)(1885,199.0,56.59322)(1889,0.0,61.989132)]
TX000038895,	[(1889,0.0,48.88889)]
UK000000000,	[(1880,64.0,0.0)(1881,122.83014,48.887672)(1882,131.55617,57.91507)(1883,128.32329,52.208218)(1884,137.51093,59.46175)(1885,124.457535,47.460274)(1886,122.879456,51.739727)(1887,123.74795,42.39726)(1888,117.1776,47.765026)(1889,126.22192,54.33151)]
UK000003026,	[(1880,110.76786,54.51642)(1881,98.95342,40.909588)(1882,107.44231,51.19452)(1883,105.910446,49.3503)(1884,109.407104,50.994537)(1885,99.89589,41.230137)(1886,102.2,39.29863)(1887,105.772606,45.646576)(1888,101.330605,43.051914)(1889,109.16712,50.750687)]
UK000047811,	[(1880,123.800545,53.35519)(1881,115.1452,46.0137)(1882,123.5726,53.4274)(1883,121.46301,46.665752)(1884,129.3552,49.628414)(1885,120.25754,44.060272)(1886,116.78356,46.027397)(1887,123.67945,46.452053)(1888,119.22951,46.28142)(1889,125.331505,54.19452)]
UK000056225,	[(1880,134.11201,59.967213)(1881,132.8548,55.228024)(1882,138.30411,64.473976)(1883,136.50137,62.02466)(1884,144.28688,64.825134)(1885,129.56712,54.172604)(1886,129.59451,55.80274)(1887,129.0685,46.005478)(1888,122.86885,52.0)(1889,128.45206,54.939728)]
UPM00033345,	[(1881,83.98684,14.753289)(1882,115.91233,36.065754)(1883,93.161674,20.2006)(1884,107.023026,39.88487)(1885,116.33424,34.569862)(1886,110.15343,25.876713)(1887,114.2411,33.41644)(1888,104.36885,15.068306)(1889,112.49315,32.038357)]
UPM00033587,	[(1885,0.0,12.885246)(1887,127.73151,25.369864)(1888,127.183975,20.065283)(1889,103.96418,16.19403)]
UPM00033889,	[(1887,186.91539,58.777473)(1888,192.6,46.72329)(1889,143.70625,40.193253)]
UPM00033910,	[(1885,0.0,53.484932)(1886,0.0,56.923286)(1887,0.0,62.265755)(1889,0.0,52.545456)]
UPM00033946,	[(1886,0.0,87.04082)(1887,0.0,58.667656)(1888,0.0,51.885715)(1889,0.0,57.970238)]
UPM00033976,	[(1882,150.6,101.2137)(1883,90.39151,48.14151)(1885,148.5589,101.17534)]
USC00011685,	[(1889,310.8772,180.14035)]
USC00012386,	[(1889,0.0,95.36364)]
USC00015555,	[(1880,242.68579,144.35793)(1881,246.2822,142.63835)(1882,243.4137,141.63014)(1883,250.79178,143.50685)(1884,242.11201,133.61201)(1885,228.12054,121.38356)(1886,231.15343,127.416435)(1887,242.69589,135.55617)(1888,239.44536,134.47267)(1889,242.0548,128.83014)]
USC00023096,	[(1883,306.65433,161.49382)(1889,212.73952,118.9012)]
USC00030936,	[(1883,298.19418,191.14815)(1884,296.73016,137.75)(1885,307.05084,187.56834)(1886,298.97076,176.38182)(1887,326.09027,215.51471)(1888,302.6857,193.86487)(1889,279.0762,174.54808)]
USC00033466,	[(1887,141.78572,-13.774194)(1888,0.0,95.37808)(1889,246.2052,99.80495)]
USC00034251,	[(1880,217.84616,124.70605)(1881,224.0055,129.92308)(1882,219.36438,129.87671)(1883,222.88705,121.39118)(1884,218.35068,116.27671)(1885,219.4121,114.9478)(1886,204.95343,104.473976)(1887,225.16713,113.04932)(1888,212.5785,110.41437)(1889,218.96078,117.198326)]
USC00034562,	[(1883,302.7346,162.86441)(1884,304.03738,163.15237)(1885,311.53888,154.01935)(1886,321.07043,177.35658)(1887,320.96667,154.10185)(1888,310.11243,199.92929)(1889,286.47513,158.89221)]
USC00034988,	[(1883,247.7742,145.6129)(1884,208.98901,91.95879)(1885,206.47934,87.45429)(1886,64.830505,-33.847458)]
USC00035186,	[(1884,291.18408,121.38271)(1885,297.67596,167.5)(1886,301.61584,180.42406)(1887,300.29892,163.37878)(1888,300.51956,164.17877)(1889,260.11215,131.08879)]
USC00035754,	[(1884,299.26315,203.66418)(1885,315.71683,206.44872)(1886,309.21347,182.11363)(1887,311.07043,181.53522)(1888,308.92157,185.86755)(1889,270.1309,156.71355)]
USC00043157,	[(1880,150.98907,0.0)(1881,179.92603,0.0)(1882,184.34058,23.240816)(1883,170.49042,-10.257534)(1884,151.80055,15.836065)(1885,180.92763,41.773026)(1886,159.52307,28.980822)(1887,164.04109,20.432877)(1888,172.76776,27.811476)(1889,175.0,28.41096)]
USC00046115,	[(1888,320.63586,175.22282)(1889,274.79343,145.0)]
USC00047738,	[(1880,188.77322,109.674866)(1881,200.00275,117.14246)(1882,197.0137,115.23014)(1883,205.00275,124.55068)(1884,200.82787,120.98087)(1885,210.36986,129.38356)(1886,198.1452,125.16986)(1887,195.46028,123.27945)(1888,199.18033,131.82513)(1889,212.01096,127.40822)]
USC00053010,	[(1880,127.71858,-55.595627)(1881,124.25205,-39.02466)(1882,133.97528,-51.30137)(1883,130.8125,-25.052631)]
USC00061536,	[(1885,152.94637,17.305296)(1886,139.78438,13.962617)(1887,45.33898,-78.73729)]
USC00064767,	[(1880,156.2295,42.420765)(1881,153.10959,42.80274)(1882,147.33151,36.441097)(1883,145.51233,28.48767)(1884,150.3224,39.874317)(1885,148.68494,31.342466)(1886,148.39726,35.764385)(1887,148.23836,36.449314)(1888,137.22404,28.478142)(1889,151.2822,53.52055)]
USC00065445,	[(1884,36.208332,-44.408165)(1885,113.20548,2.6438355)(1886,122.73972,16.520548)(1887,-10.322034,-105.45763)]
USC00067361,	[(1884,58.01639,-41.01639)(1885,132.81593,24.964285)(1886,131.42296,27.63142)(1887,139.78021,34.06868)(1888,126.12842,24.352459)(1889,145.6281,48.87052)]
USC00068138,	[(1888,167.39252,63.523365)(1889,129.39221,40.79726)]
USC00090284,	[(1883,0.0,-25.0)(1884,361.0,-26.95)(1887,0.0,-24.375)(1888,0.0,-22.142857)(1889,0.0,-20.130434)]
USC00090430,	[(1884,250.78775,129.4)(1885,201.74794,86.02466)(1886,203.45206,92.55068)(1887,198.58083,97.56712)(1888,222.84427,106.565575)(1889,214.60274,113.68493)]
USC00092475,	[(1886,289.0,-22.0)]
USC00117391,	[(1880,281.93478,151.64131)(1888,53.451614,-43.580647)(1889,158.46028,44.654793)]
USC00134049,	[(1883,151.95636,87.68727)(1884,119.522385,58.152237)(1885,93.542465,33.263012)(1886,112.071236,47.446575)(1887,111.85754,44.40274)(1888,-121.41936,-189.80646)]
USC00144559,	[(1880,91.42857,48.945053)(1881,-352.52112,88.07843)]
USC00171100,	[(1888,117.51634,30.797386)(1889,133.11855,35.864456)]
USC00172426,	[(1889,124.8,63.0)]
USC00172740,	[(1886,125.08389,5.814815)(1887,123.904625,-3.9461756)(1888,103.85165,-10.634349)(1889,161.29033,22.451612)]
USC00173046,	[(1886,97.60656,-3.3360655)(1887,115.43014,11.79178)(1888,109.41257,13.254098)(1889,131.37534,34.30411)]
USC00174230,	[(1885,57.252872,-25.348837)(1886,112.81024,6.1088824)(1887,75.11828,-24.786713)(1888,74.65267,-6.5095787)(1889,116.67273,31.096676)]
USC00175070,	[(1885,239.21875,118.3871)(1886,205.42857,-109.10526)(1887,242.1,-3.625)(1888,226.33333,-21.7)(1889,235.21428,-33.22222)]
USC00176655,	[(1885,142.33803,86.89671)(1886,41.43046,-6.649007)]
USC00176902,	[(1880,135.32787,48.833332)(1881,131.18082,51.019176)(1882,131.46301,47.221916)(1883,125.42192,33.98904)(1884,130.39891,44.617485)(1885,121.649315,30.627398)(1886,111.904106,26.616438)(1887,110.627396,26.547945)(1888,101.08743,19.030054)(1889,119.59178,42.66849)]
USC00177827,	[(1887,108.95395,10.390729)(1888,-53.6,-180.4)]
USC00190595,	[(1885,165.40758,79.8421)(1886,81.671364,-1.5399061)(1887,-14.118644,-99.72414)(1888,94.11475,8.35082)(1889,83.89431,14.821138)]
USC00190830,	[(1889,146.65753,64.753426)]
USC00191097,	[(1884,59.566666,-26.216667)(1885,133.72531,38.872272)(1886,132.97797,41.17906)(1887,132.12984,41.460056)(1888,120.95821,33.376404)(1889,136.90028,52.113636)]
USC00191650,	[(1885,129.13425,46.49589)(1886,129.57025,49.05234)(1887,128.91232,46.430138)(1888,121.57104,40.64754)(1889,135.62466,61.663013)]
USC00191820,	[(1885,114.02466,30.115068)(1886,110.81868,36.184067)(1887,115.155685,37.526947)]
USC00192010,	[(1885,0.0,3.265625)(1886,4.387097,-15.754144)(1887,112.52805,4.1611843)(1888,128.9558,18.754143)(1889,144.87016,39.01099)]
USC00193110,	[(1885,172.6178,51.282722)(1886,136.18384,20.140057)(1887,117.36054,7.976109)(1888,108.50309,-12.824074)(1889,140.18056,30.27095)]
USC00193625,	[(1885,0.0,-3.5543478)(1886,0.0,26.23077)(1887,0.0,27.635616)(1888,383.0,20.248587)(1889,0.0,41.88983)]
USC00194012,	[(1885,154.675,6.687845)(1888,168.00333,27.40196)]
USC00194295,	[(1885,132.67493,41.29752)(1886,128.73698,45.97808)(1887,132.56987,51.4137)(1888,123.800545,42.01366)(1889,135.7726,67.16712)]
USC00194313,	[(1885,241.45161,146.09677)(1889,146.18356,45.137363)]
USC00194340,	[(1885,117.00833,-40.16129)(1886,133.59178,32.420895)(1887,133.9233,12.613699)(1888,119.79235,-0.027322404)(1889,139.00548,25.646576)]
USC00194360,	[(1885,90.228264,15.119565)(1886,126.50959,46.158905)(1887,123.668495,43.741756)(1888,115.174866,36.480873)(1889,131.53134,58.635822)]
USC00194405,	[(1885,183.22826,114.17391)(1886,194.80978,120.179344)(1887,191.52718,123.88587)]
USC00194760,	[(1885,129.07397,42.36986)(1886,121.65432,37.485596)(1887,38.260506,-47.372883)]
USC00194795,	[(1885,178.58775,74.33061)(1886,138.87671,32.88219)(1887,136.32603,36.90411)(1888,125.94809,25.161644)(1889,142.58356,45.487602)]
USC00194875,	[(1885,136.33699,7.558904)(1886,142.2822,13.249315)(1887,142.35617,15.819178)(1888,131.31694,7.2540984)(1889,160.48071,40.49258)]
USC00195145,	[(1888,222.88333,134.79507)(1889,165.44174,97.4058)]
USC00195317,	[(1887,81.02631,-16.368422)(1888,16.786516,-85.853935)]
USC00195891,	[(1886,0.0,-47.0)(1887,161.5,-47.5)]
USC00196770,	[(1886,168.32622,48.909092)(1887,132.81995,28.750692)(1889,-3.2258065,-30.0)]
USC00196988,	[(1884,1.3055556,-52.205883)(1885,102.3489,19.796143)(1886,111.13151,31.027473)(1887,107.08493,24.901098)(1888,92.37431,15.382514)(1889,50.108696,-20.413044)]
USC00197122,	[(1889,244.4918,180.55737)]
USC00198374,	[(1885,176.79738,71.646736)(1886,157.39452,38.07123)(1887,153.8548,40.714287)(1888,126.57377,19.57705)(1889,157.09863,56.972603)]
USC00198375,	[(1884,82.13115,-18.016394)(1885,149.87123,27.58356)(1886,150.49863,34.20548)(1887,155.09117,43.713467)(1888,138.82466,23.846575)(1889,154.26302,45.136986)]
USC00198960,	[(1885,201.85715,78.86631)(1886,155.86996,34.987095)(1887,146.10919,25.355421)(1888,136.84985,15.333333)(1889,147.65814,44.528427)]
USC00199731,	[(1885,72.14179,-32.814125)(1886,122.22715,21.972376)(1887,119.36723,16.177965)(1888,114.78278,-13.395744)]
USC00200032,	[(1887,78.27027,-42.79452)(1888,140.16394,9.364384)(1889,118.8543,6.372093)]
USC00200094,	[(1889,63.796295,35.98148)]
USC00200146,	[(1887,176.39252,48.490654)(1888,124.5,-0.07923497)(1889,118.63158,-13.750916)]
USC00200718,	[(1888,72.0,-33.0)]
USC00201215,	[(1889,214.20967,126.96774)]
USC00201744,	[(1889,176.40984,63.459015)]
USC00202466,	[(1889,272.2097,149.1129)]
USC00205065,	[(1888,130.55435,59.179348)(1889,104.93973,32.90411)]
USC00207097,	[(1889,155.43549,46.596775)]
USC00215638,	[(1886,103.41209,-9.591781)(1887,95.30685,-17.575342)(1888,86.67397,-13.502732)(1889,115.52877,3.3369863)]
USC00241008,	[(1880,239.0,72.0)]
USC00241418,	[(1882,-11.0,-78.0)]
USC00252065,	[(1889,292.3707,181.82051)]
USC00253035,	[(1888,102.15131,-51.65333)(1889,133.06723,-21.957266)]
USC00254812,	[(1882,-256.275,-28.425)]
USC00260507,	[(1887,91.17583,-13.340659)(1888,163.19945,33.345303)(1889,175.13637,17.314686)]
USC00260770,	[(1889,178.3755,64.216324)]
USC00261395,	[(1889,205.38223,86.73818)]
USC00262030,	[(1888,-140.16667,0.0)]
USC00262383,	[(1889,251.35538,121.44351)]
USC00262708,	[(1888,218.59708,78.98897)(1889,175.8388,8.494012)]
USC00263040,	[(1888,117.68965,-34.066666)(1889,179.22128,27.201117)]
USC00263515,	[(1887,60.175,-33.076923)(1888,127.79,-2.4257426)(1889,261.6857,105.20277)]
USC00264939,	[(1885,180.15169,38.83989)(1886,172.77808,29.668493)(1887,171.00822,15.810959)(1888,176.73512,27.866072)(1889,132.28477,-10.013245)]
USC00266252,	[(1888,183.33879,14.446023)(1889,198.57808,6.7981653)]
USC00267835,	[(1887,147.88524,-44.5)(1888,322.13333,66.13333)]
USC00268349,	[(1888,127.92036,-20.283186)(1889,151.49138,-2.9541547)]
USC00268761,	[(1887,74.19231,-60.64516)(1889,187.94118,82.96847)]
USC00269430,	[(1889,246.52469,120.91358)]
USC00270690,	[(1886,162.55289,11.895238)(1887,123.35714,-29.220995)(1888,104.121544,-29.629835)(1889,146.64671,25.65569)]
USC00271678,	[(1884,52.360657,-46.57377)(1885,124.928764,15.276712)(1886,132.80273,24.942465)(1887,128.40274,25.80822)(1888,119.47814,17.469946)(1889,139.3901,35.238358)]
USC00271682,	[(1880,156.52733,31.081966)(1881,149.53151,32.778084)(1882,145.91232,21.528767)(1883,137.95343,10.263014)(1884,132.84973,26.674864)(1885,126.72329,15.035617)(1886,134.84932,24.906849)(1887,129.67123,25.731506)(1888,120.96175,17.6694)(1889,141.29315,35.208218)]
USC00275072,	[(1885,179.57819,62.70909)(1886,157.79738,37.77124)(1887,123.18994,19.231197)(1888,123.13433,15.942424)(1889,132.54955,28.70122)]
USC00275712,	[(1885,89.891304,-10.945652)(1886,144.3452,21.852055)(1887,137.63835,19.709589)(1888,135.17612,17.167164)(1889,148.64932,35.80548)]
USC00275880,	[(1889,176.07143,65.594696)]
USC00275997,	[(1887,94.12389,-25.663717)(1888,124.875,-0.74013156)(1889,141.11337,18.375)]
USC00276944,	[(1887,60.760868,-44.054348)(1888,112.328766,-13.532787)]
USC00277060,	[(1886,166.86667,29.15319)(1887,125.289375,3.2344322)]
USC00278440,	[(1886,178.15048,30.936893)(1887,133.70412,-8.063187)(1888,121.7459,-10.844262)(1889,322.0,0.0)]
USC00278854,	[(1885,160.11058,42.840374)(1886,113.878456,0.9494382)(1887,111.170586,5.8851542)(1888,105.18983,-15.397553)(1889,112.61925,14.927008)]
USC00278875,	[(1885,150.23369,44.902172)(1886,-32.135593,-106.0339)]
USC00279307,	[(1886,122.932884,-21.58)(1887,111.61149,-2.6460674)(1889,127.11602,-12.453038)]
USC00287865,	[(1880,127.065575,81.63115)(1881,157.34247,81.94247)(1882,149.39452,80.180824)(1883,155.57567,81.97033)(1884,152.55464,76.989075)(1885,147.92603,67.0137)(1886,141.51198,83.51497)]
USC00288878,	[(1880,175.0274,101.07945)(1881,28.644068,-44.61017)(1887,196.07143,130.93407)(1888,158.39618,90.25956)(1889,171.54247,99.350685)]
USC00298072,	[(1880,149.8224,-3.2786884)(1881,173.97452,41.410828)(1882,163.71233,32.950413)(1883,128.35152,3.9151516)(1884,53.419353,-59.14706)(1885,154.8548,30.663013)(1886,153.91232,31.643835)(1887,160.99452,35.277473)(1888,159.20547,37.737705)(1889,159.99725,37.463013)]
USC00300958,	[(1886,119.271736,30.184782)(1887,158.05278,74.07756)(1888,81.34359,26.1133)(1889,116.745766,45.991737)]
USC00301010,	[(1880,121.909836,48.650272)(1881,124.66027,45.054794)(1882,119.23562,46.91507)(1883,114.753426,30.59726)(1884,119.669395,37.54918)(1885,108.16438,27.69041)(1886,120.83562,40.449314)(1887,126.99726,42.515068)(1888,108.93989,32.96448)(1889,119.78356,49.484932)]
USC00301207,	[(1888,116.054054,-72.577774)]
USC00307633,	[(1885,154.86928,82.13072)(1886,142.01918,63.057533)(1887,144.24658,65.53973)(1888,136.0,57.47814)(1889,97.986755,21.278145)]
USC00313228,	[(1882,-27.0,0.0)]
USC00316103,	[(1882,0.0,124.78261)]
USC00318500,	[(1887,130.58888,21.622223)]
USC00319191,	[(1883,230.47144,139.50467)(1887,117.793106,12.172414)(1888,206.11845,88.592285)(1889,202.80609,94.08611)]
USC00319462,	[(1880,228.24043,127.06284)(1881,224.36713,135.7096)(1882,221.19179,136.21918)(1883,225.17809,133.56987)(1884,229.79782,136.15027)(1885,220.6274,123.69589)(1886,221.86028,115.44109)(1887,219.88219,117.25205)(1888,217.54645,122.5)(1889,216.0137,127.90137)]
USC00324418,	[(1881,283.0,167.0)]
USC00331662,	[(1880,143.30328,57.42623)(1881,139.27124,58.27671)(1882,138.2,56.279453)(1883,132.32877,41.865753)(1884,137.58743,48.153004)(1885,124.70685,36.364384)(1886,136.70685,44.6)(1887,141.47945,49.230137)(1888,132.73224,47.06011)(1889,140.64658,59.80548)]
USC00338366,	[(1880,153.38524,69.26503)(1881,151.23013,70.30137)(1882,147.68219,66.42466)(1883,137.59451,47.663013)(1884,144.34973,55.691257)(1885,128.5726,40.252056)(1886,138.72328,40.887672)(1887,142.79453,46.00274)(1888,134.347,39.459015)(1889,145.90685,53.441097)]
USC00343300,	[(1880,219.29234,94.19399)(1881,231.28693,107.5863)(1882,224.81319,100.11539)(1883,223.34297,93.07025)(1884,250.34782,118.972824)(1885,215.25479,70.649315)(1886,227.38904,94.83562)(1887,227.29588,97.69315)(1888,216.13461,86.22527)(1889,220.50137,94.33424)]
USC00348285,	[(1888,183.0,22.0)]
USC00354506,	[(1887,187.32076,35.75472)(1888,110.31651,-9.5)(1889,159.85185,20.491735)]
USC00354670,	[(1887,183.98788,30.09091)(1888,125.519684,-12.547619)]
USC00363711,	[(1888,172.52174,89.90761)(1889,153.26575,69.564384)]
USC00367239,	[(1884,209.34427,1.6065574)(1885,111.26838,35.974266)(1886,119.5726,40.97534)(1887,145.43835,36.791782)(1888,148.04645,29.887978)(1889,161.98627,47.657536)]
USC00383742,	[(1884,286.55606,147.17757)(1885,283.63043,154.69022)(1886,291.8,153.53659)(1887,296.32224,155.66112)(1888,281.06543,147.19626)(1889,262.51175,133.11267)]
USC00406012,	[(1883,138.45,20.5)]
USC00411888,	[(1882,0.0,166.33871)(1883,0.0,74.48148)(1887,0.0,61.433964)(1888,184.31522,93.17778)(1889,262.0283,145.1863)]
USC00413257,	[(1880,234.54645,118.80601)(1881,221.04347,115.32464)(1882,243.38535,113.955414)(1883,137.93878,-8.265306)]
USC00413270,	[(1880,215.95868,71.58678)]
USC00419421,	[(1883,342.14487,193.31776)(1884,307.0379,185.08095)(1885,303.67935,191.00543)(1886,319.39487,200.88718)(1887,324.32608,203.42392)(1888,278.83273,162.06406)]
USC00422996,	[(1887,-44.612904,-378.2903)(1888,164.74316,-44.893444)(1889,153.46849,-5.3808217)]
USC00431072,	[(1883,-5.032258,0.0)(1884,110.8871,-66.71094)(1885,116.54573,-92.90266)(1886,89.939285,-65.13281)(1887,92.36531,-73.12037)(1888,101.80124,-83.291664)(1889,118.71096,-44.408)]
USC00435733,	[(1887,131.48692,18.284313)(1888,95.71038,-10.702186)(1889,112.40822,9.10137)]
USC00444876,	[(1889,215.83177,91.799065)]
USC00456109,	[(1880,137.9581,43.648647)(1881,138.4521,53.0988)(1882,141.75616,50.536987)(1883,146.74246,52.39726)(1884,150.35793,53.53552)(1885,168.36438,59.08493)(1886,155.49315,53.70411)(1887,144.12054,47.158905)(1888,157.4754,55.885246)(1889,165.16164,54.49315)]
USC00462735,	[(1889,166.54347,105.152176)]
USC00463100,	[(1882,97.78571,-14.107142)]
USC00464045,	[(1883,200.74286,88.4)(1884,166.94536,50.076504)(1885,148.18407,40.27397)(1886,158.39726,49.153423)(1887,167.1726,59.90685)(1888,148.31421,59.783382)(1889,65.064514,-20.903225)]
USC00464897,	[(1889,184.94978,108.37238)]
USC00466207,	[(1880,176.125,80.82222)(1881,174.22466,80.309586)(1882,166.23561,75.83288)(1883,77.166664,-21.355556)]
USC00469368,	[(1881,-180.5,0.0)]
USC00474375,	[(1880,131.7541,37.86612)(1881,130.03288,44.19178)(1882,130.15616,46.48767)(1883,107.31507,19.465754)(1884,117.83607,31.677595)(1885,113.1726,27.128767)(1886,133.27472,38.49589)(1887,128.69589,20.471233)(1888,109.172134,13.368853)(1889,133.90358,29.269972)]
USC00474966,	[(1880,135.86339,42.81421)(1881,133.49042,41.323288)(1882,132.72328,44.430138)(1883,110.6411,16.473972)(1884,109.3224,20.349728)(1885,101.23014,13.775343)(1886,121.61918,25.679453)(1887,123.263016,23.660275)(1888,108.71038,17.505465)(1889,126.75069,36.627396)]
USC00475484,	[(1880,128.12296,40.92623)(1881,121.76986,42.10411)(1882,124.89315,48.40274)(1883,106.33698,22.345205)(1884,110.49727,26.032787)(1885,99.65753,12.961644)(1886,115.37808,25.39726)(1887,117.12603,28.30137)(1888,105.00546,22.106558)(1889,118.32329,39.01096)]
USC00481816,	[(1881,267.0,100.0)]
USC00485355,	[(1881,44.0,878.0)]
USC00486120,	[(1881,44.0,211.0)]
USW00012945,	[(1883,325.92056,196.23944)(1884,313.47662,192.85982)(1885,301.08694,198.58696)(1886,306.40195,197.00981)(1887,317.19565,192.65218)(1888,297.3846,193.45055)]
USW00013724,	[(1880,157.96721,77.79508)(1881,150.90959,79.68767)(1882,149.9452,76.27671)(1883,143.73698,68.964386)(1884,152.3825,76.53278)(1885,145.06575,65.7863)(1886,148.01643,69.33973)(1887,150.29863,75.583565)(1888,143.77869,65.172134)(1889,146.22192,80.646576)]
USW00013736,	[(1880,171.68852,77.72131)(1881,174.22192,79.78356)(1882,166.10411,75.69589)(1883,77.522224,-21.188889)]
USW00013872,	[(1880,116.113205,15.403846)(1887,184.89713,79.34979)(1889,190.60056,73.399445)]
USW00013984,	[(1885,211.97551,89.2)(1886,170.03561,45.219177)(1887,176.9315,48.40274)(1888,175.0246,45.37705)(1889,176.96164,55.561646)]
USW00014838,	[(1880,105.44262,4.912568)(1881,79.50411,2.5835617)(1882,106.538925,14.950685)(1883,82.0137,-32.83288)(1884,9.0737705,-97.7459)(1885,108.99346,14.065574)(1886,97.94247,-0.8109589)(1887,103.065865,9.625749)(1888,75.57923,-10.327868)(1889,96.010956,13.389041)]
USW00014898,	[(1886,82.71311,-9.04918)(1887,110.416435,9.852055)(1888,98.5765,4.9590163)(1889,113.27397,22.060274)]
USW00014936,	[(1881,161.40218,45.29348)(1882,133.31781,5.947945)(1883,114.93699,-10.89863)(1884,119.857925,-10.092896)(1885,122.10685,-1.6465753)(1886,130.44931,-6.978082)(1887,121.62466,-13.158904)(1888,120.04645,-14.172132)(1889,138.47397,0.39726028)]
USW00014971,	[(1883,194.4554,103.61905)(1886,92.86813,-23.824175)(1887,98.51667,-76.078835)(1888,152.22404,29.879782)(1889,172.43114,30.7994)]
USW00023068,	[(1884,180.53593,64.97006)(1888,222.21277,59.68085)(1889,189.71507,34.632877)]
USW00023271,	[(1880,203.7863,86.46027)(1881,214.45479,99.561646)(1882,212.28021,93.37363)(1883,219.46849,93.07945)(1884,211.71039,98.73497)(1885,229.67671,110.649315)(1886,217.825,94.272224)(1887,228.08768,87.87123)(1888,230.53699,97.72329)(1889,225.2137,96.44109)]
USW00024121,	[(1888,228.20879,-13.575091)(1889,222.62192,-28.528767)]
USW00024128,	[(1880,172.28995,2.9201183)(1881,173.41096,17.4)(1882,159.96439,4.421918)(1883,123.53012,-29.644579)(1884,66.32258,-51.48387)(1885,180.79178,33.364384)(1886,177.41917,17.131506)(1887,178.7315,7.3068495)(1888,178.39618,19.909836)(1889,179.09041,20.668493)]
USW00024157,	[(1889,149.05882,31.348684)]
USW00024274,	[(1880,148.9754,61.568306)(1881,158.77808,74.21918)(1882,162.0137,69.46301)(1883,165.14795,69.30685)(1884,164.23224,64.58743)(1885,189.44658,73.43014)(1886,171.49315,70.46027)(1887,162.0685,65.49863)(1888,173.11201,69.75683)(1889,181.49315,71.93425)]
USW00053875,	[(1880,207.7541,114.5847)(1881,211.85205,115.652054)(1882,208.4274,115.97534)(1883,214.16438,113.83288)(1884,208.3552,107.991806)(1885,197.06575,97.772606)(1886,199.30685,92.25205)(1887,215.75069,104.66027)(1888,211.54372,105.27049)(1889,213.33424,102.95616)]
USW00053919,	[(1883,293.5815,151.36)(1884,293.20834,153.5614)(1885,301.9023,172.93024)(1886,306.13333,174.64572)(1887,316.38095,118.45238)(1888,242.25,116.6875)(1889,257.0645,103.90323)]
USW00093725,	[(1880,184.05191,82.8224)(1881,173.64072,75.76347)(1882,177.30685,82.19726)(1883,175.42465,74.31507)(1884,182.10382,81.10383)(1885,168.29315,55.460274)(1886,137.47945,71.98082)(1887,176.41096,79.30411)(1888,169.28415,73.04645)(1889,175.2137,83.17534)]
USW00093820,	[(1887,95.09836,-11.491803)(1888,176.12708,69.40947)(1889,180.57428,84.11429)]
USW00093852,	[(1880,259.01367,174.2295)(1881,257.90137,173.59178)(1882,258.60822,174.90685)(1883,260.79178,175.69315)(1884,255.37158,167.94809)(1885,247.27672,159.42192)(1886,245.43562,155.86575)(1887,252.7315,155.53424)(1888,257.34427,159.48088)(1889,253.62466,151.29315)]
USW00094728,	[(1880,157.06284,75.7623)(1881,152.69589,73.44658)(1882,146.64383,73.39726)(1883,139.9452,62.873974)(1884,149.17534,75.69399)(1885,143.36713,64.59452)(1886,148.81644,66.49589)(1887,146.4945,64.60165)(1888,136.847,57.22131)(1889,154.22466,78.42466)]
UZM00038457,	[(1881,240.63838,116.0)(1882,198.76923,104.960266)(1883,216.3503,105.08088)(1884,168.28477,139.34445)(1889,0.0,-127.6129)]
UZM00038618,	[(1881,0.0,-9.8)(1882,0.0,55.016666)(1883,0.0,68.416435)(1884,0.0,65.8224)(1888,0.0,83.08743)(1889,0.0,64.32055)]
