1. United_States_09d4	0.002614705083135676
2. 2006	0.0012249412139240517
3. United_Kingdom_5ad7	0.0011995653788400816
4. Biography	9.786189840762173E-4
5. 2005	9.143200115993226E-4
6. England	8.774342287387843E-4
7. Canada	8.533839156991101E-4
8. Geographic_coordinate_system	7.690700492103422E-4
9. France	7.223354785013214E-4
10. 2004	7.176963083616064E-4
11. Australia	6.785788089955526E-4
12. Germany	6.521005838120747E-4
13. 2003	5.857011848838788E-4
14. India	5.814390891608946E-4
15. Japan	5.811268812718626E-4
16. Internet_Movie_Database_7ea7	5.320313074569744E-4
17. Europe	5.07584217393557E-4
18. Record_label	4.903561159595094E-4
19. 2001	4.8558757559244306E-4
20. 2002	4.8147274044554287E-4
21. World_War_II_d045	4.7647065931006504E-4
22. Population_density	4.688402070029833E-4
23. Music_genre	4.6608484650288723E-4
24. 2000	4.6329775591381743E-4
25. Italy	4.438611561193308E-4
26. Wiktionary	4.347541413489517E-4
27. Wikimedia_Commons_7b57	4.3386399036844463E-4
28. London	4.334247649209811E-4
29. English_language	4.1678362765328633E-4
30. 1999	4.0475982262749063E-4
31. Spain	3.6157870457743284E-4
32. 1998	3.5528583677126854E-4
33. Russia	3.42585940753002E-4
34. 1997	3.3630517662944015E-4
35. Television	3.3543662104213877E-4
36. New_York_City_1428	3.336365678428803E-4
37. Football_(soccer)	3.2536867388613643E-4
38. 1996	3.226910571914064E-4
39. Census	3.224790012381231E-4
40. Scotland	3.2113796020123627E-4
41. 1995	3.0924450223409803E-4
42. China	3.074955597495053E-4
43. Population	3.0346343685683393E-4
44. Scientific_classification	3.032208377473414E-4
45. Square_mile	3.0308847558190456E-4
46. California	3.0076298846529957E-4
47. 1994	2.8984942157450155E-4
48. Sweden	2.8664786318534857E-4
49. Public_domain	2.8610401419055316E-4
50. Film	2.8552770886628657E-4
51. Record_producer	2.834468540575585E-4
52. New_Zealand_2311	2.8231620593372E-4
53. New_York_3da4	2.780251410527708E-4
54. Netherlands	2.7566499523399223E-4
55. Marriage	2.749101096980525E-4
56. 1993	2.7399078863460304E-4
57. United_States_Census_Bureau_2c85	2.7359921878439584E-4
58. 1991	2.7108232197041465E-4
59. 1990	2.675202726284365E-4
60. 1992	2.655720329650476E-4
61. Politician	2.638885620006592E-4
62. Album	2.598842722812592E-4
63. Latin	2.592456915144872E-4
64. Actor	2.5758259578692095E-4
65. Ireland	2.572733042699561E-4
66. Per_capita_income	2.548039920362548E-4
67. Studio_album	2.5116220048486404E-4
68. Poverty_line	2.5033653153409916E-4
69. Km²	2.486859428254584E-4
70. 1989	2.461382286001225E-4
71. Norway	2.4004017368145692E-4
72. Website	2.3839000563683385E-4
73. 1980	2.3458035064773754E-4
74. Animal	2.2876079338834563E-4
75. Area	2.2850841314147466E-4
76. 1986	2.2634724651035692E-4
77. Personal_name	2.2546589606197895E-4
78. Poland	2.2528710219180616E-4
79. Brazil	2.249222631409396E-4
80. 1985	2.2335082264643338E-4
81. 1987	2.226445243116869E-4
82. 1983	2.2107899568893987E-4
83. 1982	2.204064679821838E-4
84. 1981	2.1864027023394807E-4
85. 1979	2.1862751556915306E-4
86. French_language	2.1852793546301796E-4
87. 1984	2.1812796761309258E-4
88. 1988	2.1792497900871934E-4
89. World_War_I_9429	2.1792358186184014E-4
90. 1974	2.172876096570386E-4
91. Paris	2.1720422249347392E-4
92. Mexico	2.1498294269582695E-4
93. 19th_century	2.1106113408370387E-4
94. 1970	2.106353217427266E-4
95. USA_f75d	2.1009070613468088E-4
96. January_1	2.1001560345061348E-4
97. 1975	2.0792678839032662E-4
98. 1976	2.0779359493636803E-4
99. Africa	2.0707635223766625E-4
100. South_Africa_1287	2.0667231407303497E-4
